638473
4945343
28967378
162760
615083765
12989063
25113829
857096
9435
2918624
25905497
4125345
465905
507972
9156064
4678949
4682847
91678329
29134548
2423624
250832
1926389
264653
2976263
4827665
8129849
352945
9032986
301378
29357983
286073
3769326
165765994
37053
454158236
473274
464938
24959779
9019076
5498452
3757438
98194599
6029
23561592
6917397
545743
646482
9640059
9172335
6839567
61701509
3708605
873997
6705
943482
97058
647543
454509
267393
2948567
2934
10980942
69757
2579657
2706
374684
7396876
3971046
5730279
3195477
5235526
950658
5912343
150993
76025
653239
9768698
69337
7327022
739348
810974528
764632
37947
798130945
82067
912857895
86378
652782628
903732
99745352
129647
5071753
971727
946592
9020473
99471634
804387
620464
30635
108655
208734
8079484
1097026
4239363
86384
209725
20432
32926
58483
714950
89049
2795202
5923014
24992
46805019
43339
2686525
259725
266592
272406
278333
29726
30465
340753
59506
358033
9836769
362494
372065
378662
6753767
409986
1745238
458374
475775
27095032
509744
56153
537987
15936
57552
58693
4670773
1970978
339563
1736445
739476
53735725
3749334
982905
8431087
858429
9081807
93936
708523
916047
765488
5033967
205497
31466
2380828
284384
293717
240636
2337257
2424826
341464
45702
4246342
480682
61067055
707245
197436
36856
793646
813897
85374
929554
873974
374623
2059526
306235
708403
90832326
208839
109446
486352
2787
9298049
1099954
3169586
2382
27867
9139292
401733
4896798
513965
764234
6576
94089
821505
210343
95209
278583
22743
236097
2603297
286862
295859
30560
309325
3726
1532094
826735
34628
396059
36483
2048258
434329
4154060
4923
502834
5028768
50327
494059
5697609
620873
66504
672876
206234
16950
702566
739953
7563
7274748
786743
802945
5134976
976544632
85689
3860239
86708
6150709
8158
8197809
920972
984776
2054093
206532
20535289
7124899
27286
2206722
227252
2318984
2346077
638473
4945343
28967378
162760
615083765
12989063
25113829
857096
9435
2918624
25905497
4125345
465905
507972
9156064
4678949
4682847
91678329
29134548
2423624
250832
1926389
264653
2976263
4827665
8129849
352945
9032986
301378
29357983
286073
3769326
165765994
37053
454158236
473274
464938
24959779
9019076
5498452
3757438
98194599
6029
23561592
6917397
545743
646482
9640059
9172335
6839567
61701509
3708605
873997
6705
943482
97058
647543
454509
267393
2948567
2934
10980942
69757
2579657
2706
374684
7396876
3971046
5730279
3195477
5235526
950658
5912343
150993
76025
653239
9768698
69337
7327022
739348
810974528
764632
37947
798130945
82067
912857895
86378
652782628
903732
99745352
129647
5071753
971727
946592
9020473
99471634
804387
620464
30635
108655
208734
8079484
1097026
4239363
86384
209725
20432
32926
58483
714950
89049
2795202
5923014
24992
46805019
43339
2686525
259725
266592
272406
278333
29726
30465
340753
59506
358033
9836769
362494
372065
378662
6753767
409986
1745238
458374
475775
27095032
509744
56153
537987
15936
57552
58693
4670773
1970978
339563
1736445
739476
53735725
3749334
982905
8431087
858429
9081807
93936
708523
916047
765488
5033967
205497
31466
2380828
284384
293717
240636
2337257
2424826
341464
45702
4246342
480682
61067055
707245
197436
36856
793646
813897
85374
929554
873974
374623
2059526
306235
708403
90832326
208839
109446
486352
2787
9298049
1099954
3169586
2382
27867
9139292
401733
4896798
513965
764234
6576
94089
821505
210343
95209
278583
22743
236097
2603297
286862
295859
30560
309325
3726
1532094
826735
34628
396059
36483
2048258
434329
4154060
4923
502834
5028768
50327
494059
5697609
620873
66504
672876
206234
16950
702566
739953
7563
7274748
786743
802945
5134976
976544632
85689
3860239
86708
6150709
8158
8197809
920972
984776
2054093
206532
20535289
7124899
27286
2206722
227252
2318984
2346077
